105 206
2211 95
1496 1037
2417 162
15462 50537
6870 4653
2161 72
5751 344
163 88
434 30
1114 47
456 276
1563 145
3364 58
441 36
21 320
62 110
758 511
627 125
2351 215
2260 125
105 64
8980 3506
1973 113
1561 59
2520 1125
1232 8715
575 131
227 12
1016 530
3017 3207
14979 52700
101 33
786 329
4648 199
351 26
163 24
2656 430
2250 66
2397 73
496 40
206 45
942 1822
315 1742
44702 24960
1684 1647
18781 12635
3910 26
147 35
1302 464
981 547
479 264
8002 8771
2439 197
5222 40
347 26
61 108
1982 613
1439 451
156 46
9546 3575
13067 8404
27952 10633
660 83
2101 281
165 106
1269 221
2213 648
733 667
1905 53
3780 82
27243 21456
1196 144
2540 713
706 111
572 25
597 81
91 19
4373 147
2051 3574
765 123
5543 93
2940 198
170 59
0 53
58 36
95 52
96 14
2488 155
180 198
279 24
913 249
329 72
4805 2985
215 47
320 388
347 33
990 25
3413 532
7839 217
1583 446
1766 1655
1308 50
1421 33
2990 741
1054 967
176 39
2328 1686
755 41
339 176
765 74
2436 193
74 19
297 6460
63 48
528 64
332 55
192 597
1471 149
783 172
219 80
737 50
504 184
425 145
1811 1297
224 22
246 13
366 50
1141 59
625 162
2662 182
2125 923
607 17
616 88
10314 326
4149 652
949 241
2288 329
1078 63
4549 21978
541 39
72 730
152 67
5992 695
3827 5473
250 31
1171 160
875 556
168 304
497 61
159 75
3554 400
2451 4993
1914 353
168 168
6197 8302
2620 1670
1311 3591
290 45
1035 156
4121 380
1249 108
232 910
1107 62
36023 5902
426 141
3969 535
700 100
656 52
2942 283
1514 8446
592 329
862 62
8421 1606
764 20
1815 42
1733 287
570 44
831 41
895 778
413 141
273 12
188 11
1414 1436
628 63
3359 143
1690 2593
2985 83
1143 92
3522 3483
50 72
428 480
3182 6732
234 46
2051 5747
24537 9300
615 33
863 53
254 28
197 35
10646 3547
